4.300000000000000000e+01 3.200000000000000000e+01
6.800000000000000000e+01 1.000000000000000000e+00
4.910000000000000000e+02 3.000000000000000000e+00
5.770000000000000000e+02 3.000000000000000000e+00
7.860000000000000000e+02 2.000000000000000000e+00
1.007000000000000000e+03 8.000000000000000000e+00
1.210000000000000000e+03 1.100000000000000000e+01
1.433000000000000000e+03 1.400000000000000000e+01
1.584000000000000000e+03 1.000000000000000000e+01
1.634000000000000000e+03 4.000000000000000000e+00
1.747000000000000000e+03 2.100000000000000000e+01
1.846000000000000000e+03 1.200000000000000000e+01
1.296000000000000000e+03 7.000000000000000000e+00
1.519000000000000000e+03 3.000000000000000000e+00
7.370000000000000000e+02 9.000000000000000000e+00
9.660000000000000000e+02 1.100000000000000000e+01
1.256000000000000000e+03 1.100000000000000000e+01
1.313000000000000000e+03 1.000000000000000000e+01
2.070000000000000000e+02 1.600000000000000000e+01
1.000000000000000000e+02 2.400000000000000000e+01
7.770000000000000000e+02 2.200000000000000000e+01
4.860000000000000000e+02 3.400000000000000000e+01
1.900000000000000000e+01 2.700000000000000000e+01
1.710000000000000000e+02 2.700000000000000000e+01
1.350000000000000000e+03 3.100000000000000000e+01
7.590000000000000000e+02 2.900000000000000000e+01
8.050000000000000000e+02 2.800000000000000000e+01
1.536000000000000000e+03 2.900000000000000000e+01
1.323000000000000000e+03 3.400000000000000000e+01
7.340000000000000000e+02 4.500000000000000000e+01
1.248000000000000000e+03 4.000000000000000000e+01
1.809000000000000000e+03 3.500000000000000000e+01
5.500000000000000000e+02 4.700000000000000000e+01
1.290000000000000000e+03 4.200000000000000000e+01
1.140000000000000000e+02 4.700000000000000000e+01
6.030000000000000000e+02 4.700000000000000000e+01
3.630000000000000000e+02 6.500000000000000000e+01
1.782000000000000000e+03 4.700000000000000000e+01
1.552000000000000000e+03 5.200000000000000000e+01
1.224000000000000000e+03 6.200000000000000000e+01
1.465000000000000000e+03 5.700000000000000000e+01
1.890000000000000000e+02 9.100000000000000000e+01
1.573000000000000000e+03 5.200000000000000000e+01
1.715000000000000000e+03 6.800000000000000000e+01
6.100000000000000000e+02 6.400000000000000000e+01
6.000000000000000000e+00 6.100000000000000000e+01
3.950000000000000000e+02 5.900000000000000000e+01
8.070000000000000000e+02 7.400000000000000000e+01
1.023000000000000000e+03 6.900000000000000000e+01
1.524000000000000000e+03 1.500000000000000000e+02
6.380000000000000000e+02 8.700000000000000000e+01
8.620000000000000000e+02 7.200000000000000000e+01
1.312000000000000000e+03 7.200000000000000000e+01
1.794000000000000000e+03 7.300000000000000000e+01
1.677000000000000000e+03 9.300000000000000000e+01
1.330000000000000000e+02 9.100000000000000000e+01
2.280000000000000000e+02 9.300000000000000000e+01
7.340000000000000000e+02 8.400000000000000000e+01
1.009000000000000000e+03 8.500000000000000000e+01
4.230000000000000000e+02 9.300000000000000000e+01
6.790000000000000000e+02 9.400000000000000000e+01
2.390000000000000000e+02 8.900000000000000000e+01
2.410000000000000000e+02 9.100000000000000000e+01
3.820000000000000000e+02 1.100000000000000000e+02
7.740000000000000000e+02 9.400000000000000000e+01
1.252000000000000000e+03 9.300000000000000000e+01
2.380000000000000000e+02 9.300000000000000000e+01
7.000000000000000000e+02 9.600000000000000000e+01
7.260000000000000000e+02 1.010000000000000000e+02
1.349000000000000000e+03 9.900000000000000000e+01
1.659000000000000000e+03 9.900000000000000000e+01
1.537000000000000000e+03 1.020000000000000000e+02
1.289000000000000000e+03 1.110000000000000000e+02
1.621000000000000000e+03 1.090000000000000000e+02
1.326000000000000000e+03 1.070000000000000000e+02
1.079000000000000000e+03 1.130000000000000000e+02
4.810000000000000000e+02 1.140000000000000000e+02
8.660000000000000000e+02 1.290000000000000000e+02
1.477000000000000000e+03 1.200000000000000000e+02
1.602000000000000000e+03 1.180000000000000000e+02
4.000000000000000000e+01 1.220000000000000000e+02
9.400000000000000000e+01 1.250000000000000000e+02
1.660000000000000000e+02 1.210000000000000000e+02
1.132000000000000000e+03 1.290000000000000000e+02
1.186000000000000000e+03 1.420000000000000000e+02
1.620000000000000000e+02 1.320000000000000000e+02
1.454000000000000000e+03 1.390000000000000000e+02
2.990000000000000000e+02 1.380000000000000000e+02
1.224000000000000000e+03 1.390000000000000000e+02
1.864000000000000000e+03 1.380000000000000000e+02
2.170000000000000000e+02 1.370000000000000000e+02
5.370000000000000000e+02 1.390000000000000000e+02
1.486000000000000000e+03 1.440000000000000000e+02
7.700000000000000000e+01 1.510000000000000000e+02
6.640000000000000000e+02 1.520000000000000000e+02
1.427000000000000000e+03 1.420000000000000000e+02
2.490000000000000000e+02 1.470000000000000000e+02
6.970000000000000000e+02 1.500000000000000000e+02
9.300000000000000000e+02 1.660000000000000000e+02
1.724000000000000000e+03 1.610000000000000000e+02
2.930000000000000000e+02 1.530000000000000000e+02
1.115000000000000000e+03 1.560000000000000000e+02
2.810000000000000000e+02 1.720000000000000000e+02
8.160000000000000000e+02 1.600000000000000000e+02
8.460000000000000000e+02 1.640000000000000000e+02
1.657000000000000000e+03 1.720000000000000000e+02
9.700000000000000000e+02 1.620000000000000000e+02
7.300000000000000000e+01 1.640000000000000000e+02
1.350000000000000000e+03 2.080000000000000000e+02
1.416000000000000000e+03 1.760000000000000000e+02
7.000000000000000000e+01 1.680000000000000000e+02
4.560000000000000000e+02 1.740000000000000000e+02
1.454000000000000000e+03 1.650000000000000000e+02
1.795000000000000000e+03 1.700000000000000000e+02
1.081000000000000000e+03 1.730000000000000000e+02
1.041000000000000000e+03 1.950000000000000000e+02
2.190000000000000000e+02 1.820000000000000000e+02
8.020000000000000000e+02 1.840000000000000000e+02
1.124000000000000000e+03 1.830000000000000000e+02
8.510000000000000000e+02 1.890000000000000000e+02
1.150000000000000000e+03 1.900000000000000000e+02
7.740000000000000000e+02 1.890000000000000000e+02
1.093000000000000000e+03 1.860000000000000000e+02
1.717000000000000000e+03 2.020000000000000000e+02
1.917000000000000000e+03 1.910000000000000000e+02
2.540000000000000000e+02 2.260000000000000000e+02
6.380000000000000000e+02 2.040000000000000000e+02
1.117000000000000000e+03 2.090000000000000000e+02
8.100000000000000000e+02 2.020000000000000000e+02
1.629000000000000000e+03 2.020000000000000000e+02
1.877000000000000000e+03 2.050000000000000000e+02
7.270000000000000000e+02 2.030000000000000000e+02
1.246000000000000000e+03 2.060000000000000000e+02
9.780000000000000000e+02 2.090000000000000000e+02
1.020000000000000000e+03 2.080000000000000000e+02
1.672000000000000000e+03 2.110000000000000000e+02
1.180000000000000000e+02 2.150000000000000000e+02
4.440000000000000000e+02 2.220000000000000000e+02
4.000000000000000000e+00 2.260000000000000000e+02
6.690000000000000000e+02 2.170000000000000000e+02
2.160000000000000000e+02 2.200000000000000000e+02
5.050000000000000000e+02 2.420000000000000000e+02
1.845000000000000000e+03 2.310000000000000000e+02
7.500000000000000000e+02 2.410000000000000000e+02
8.270000000000000000e+02 2.310000000000000000e+02
5.910000000000000000e+02 2.360000000000000000e+02
9.890000000000000000e+02 2.310000000000000000e+02
6.850000000000000000e+02 2.360000000000000000e+02
7.800000000000000000e+02 2.530000000000000000e+02
1.920000000000000000e+02 2.380000000000000000e+02
8.540000000000000000e+02 2.420000000000000000e+02
1.490000000000000000e+02 2.430000000000000000e+02
4.510000000000000000e+02 2.490000000000000000e+02
1.006000000000000000e+03 2.450000000000000000e+02
1.878000000000000000e+03 2.520000000000000000e+02
1.340000000000000000e+02 2.450000000000000000e+02
9.730000000000000000e+02 2.490000000000000000e+02
1.240000000000000000e+03 2.500000000000000000e+02
3.700000000000000000e+01 2.490000000000000000e+02
1.144000000000000000e+03 2.560000000000000000e+02
1.913000000000000000e+03 2.550000000000000000e+02
1.500000000000000000e+01 2.570000000000000000e+02
5.500000000000000000e+02 2.550000000000000000e+02
1.719000000000000000e+03 2.600000000000000000e+02
3.900000000000000000e+01 2.650000000000000000e+02
8.170000000000000000e+02 2.620000000000000000e+02
1.159000000000000000e+03 2.710000000000000000e+02
7.580000000000000000e+02 2.710000000000000000e+02
1.064000000000000000e+03 2.760000000000000000e+02
1.770000000000000000e+03 2.900000000000000000e+02
8.900000000000000000e+01 3.150000000000000000e+02
6.060000000000000000e+02 2.840000000000000000e+02
1.016000000000000000e+03 2.830000000000000000e+02
4.890000000000000000e+02 2.900000000000000000e+02
1.125000000000000000e+03 2.950000000000000000e+02
6.200000000000000000e+01 2.910000000000000000e+02
6.380000000000000000e+02 3.000000000000000000e+02
1.693000000000000000e+03 2.980000000000000000e+02
1.649000000000000000e+03 3.000000000000000000e+02
2.400000000000000000e+01 3.100000000000000000e+02
9.790000000000000000e+02 3.090000000000000000e+02
1.700000000000000000e+03 3.070000000000000000e+02
9.380000000000000000e+02 3.110000000000000000e+02
3.710000000000000000e+02 3.250000000000000000e+02
1.334000000000000000e+03 3.180000000000000000e+02
4.670000000000000000e+02 3.240000000000000000e+02
6.750000000000000000e+02 3.330000000000000000e+02
1.131000000000000000e+03 3.200000000000000000e+02
1.381000000000000000e+03 3.220000000000000000e+02
1.047000000000000000e+03 3.220000000000000000e+02
1.767000000000000000e+03 3.210000000000000000e+02
1.059000000000000000e+03 3.280000000000000000e+02
1.072000000000000000e+03 3.320000000000000000e+02
1.532000000000000000e+03 3.370000000000000000e+02
9.890000000000000000e+02 3.330000000000000000e+02
1.645000000000000000e+03 3.550000000000000000e+02
1.710000000000000000e+03 3.380000000000000000e+02
8.070000000000000000e+02 3.390000000000000000e+02
4.000000000000000000e+01 3.430000000000000000e+02
1.149000000000000000e+03 3.510000000000000000e+02
1.471000000000000000e+03 3.530000000000000000e+02
1.460000000000000000e+02 3.580000000000000000e+02
2.790000000000000000e+02 3.470000000000000000e+02
5.190000000000000000e+02 3.470000000000000000e+02
1.388000000000000000e+03 3.480000000000000000e+02
1.551000000000000000e+03 3.540000000000000000e+02
7.290000000000000000e+02 3.500000000000000000e+02
1.110000000000000000e+03 3.540000000000000000e+02
7.950000000000000000e+02 3.720000000000000000e+02
1.223000000000000000e+03 3.520000000000000000e+02
8.810000000000000000e+02 3.590000000000000000e+02
1.218000000000000000e+03 3.600000000000000000e+02
9.000000000000000000e+00 3.620000000000000000e+02
9.700000000000000000e+02 3.610000000000000000e+02
1.893000000000000000e+03 3.580000000000000000e+02
3.010000000000000000e+02 3.860000000000000000e+02
1.513000000000000000e+03 3.630000000000000000e+02
1.709000000000000000e+03 3.620000000000000000e+02
5.460000000000000000e+02 4.100000000000000000e+02
1.070000000000000000e+03 3.660000000000000000e+02
1.730000000000000000e+03 3.720000000000000000e+02
3.860000000000000000e+02 3.660000000000000000e+02
7.380000000000000000e+02 3.790000000000000000e+02
9.110000000000000000e+02 3.720000000000000000e+02
1.860000000000000000e+02 3.790000000000000000e+02
1.034000000000000000e+03 3.920000000000000000e+02
1.517000000000000000e+03 4.070000000000000000e+02
1.883000000000000000e+03 3.770000000000000000e+02
1.778000000000000000e+03 3.900000000000000000e+02
1.110000000000000000e+03 3.940000000000000000e+02
8.360000000000000000e+02 4.000000000000000000e+02
1.282000000000000000e+03 3.950000000000000000e+02
1.750000000000000000e+03 3.960000000000000000e+02
1.650000000000000000e+02 3.970000000000000000e+02
1.441000000000000000e+03 4.100000000000000000e+02
1.640000000000000000e+02 4.070000000000000000e+02
1.163000000000000000e+03 4.030000000000000000e+02
1.368000000000000000e+03 4.220000000000000000e+02
1.912000000000000000e+03 4.100000000000000000e+02
2.820000000000000000e+02 4.200000000000000000e+02
1.179000000000000000e+03 4.100000000000000000e+02
3.250000000000000000e+02 4.370000000000000000e+02
5.900000000000000000e+02 4.140000000000000000e+02
1.154000000000000000e+03 4.180000000000000000e+02
7.800000000000000000e+01 4.300000000000000000e+02
8.060000000000000000e+02 4.270000000000000000e+02
6.090000000000000000e+02 4.280000000000000000e+02
9.480000000000000000e+02 4.320000000000000000e+02
3.000000000000000000e+01 4.480000000000000000e+02
6.640000000000000000e+02 4.430000000000000000e+02
7.250000000000000000e+02 4.500000000000000000e+02
1.497000000000000000e+03 4.490000000000000000e+02
1.229000000000000000e+03 4.640000000000000000e+02
1.362000000000000000e+03 4.500000000000000000e+02
1.600000000000000000e+02 4.740000000000000000e+02
1.738000000000000000e+03 4.690000000000000000e+02
1.725000000000000000e+03 4.580000000000000000e+02
1.365000000000000000e+03 4.690000000000000000e+02
1.337000000000000000e+03 4.810000000000000000e+02
1.480000000000000000e+03 4.870000000000000000e+02
4.300000000000000000e+01 5.060000000000000000e+02
1.113000000000000000e+03 4.830000000000000000e+02
1.173000000000000000e+03 4.880000000000000000e+02
1.773000000000000000e+03 4.960000000000000000e+02
1.629000000000000000e+03 5.110000000000000000e+02
8.300000000000000000e+02 4.910000000000000000e+02
2.840000000000000000e+02 4.960000000000000000e+02
1.000000000000000000e+03 4.950000000000000000e+02
9.700000000000000000e+01 5.090000000000000000e+02
7.490000000000000000e+02 5.010000000000000000e+02
1.284000000000000000e+03 4.990000000000000000e+02
1.393000000000000000e+03 5.000000000000000000e+02
1.854000000000000000e+03 5.120000000000000000e+02
1.372000000000000000e+03 5.140000000000000000e+02
5.210000000000000000e+02 5.330000000000000000e+02
5.900000000000000000e+02 5.140000000000000000e+02
4.260000000000000000e+02 5.170000000000000000e+02
1.730000000000000000e+03 5.150000000000000000e+02
1.423000000000000000e+03 5.180000000000000000e+02
1.268000000000000000e+03 5.280000000000000000e+02
1.424000000000000000e+03 5.250000000000000000e+02
1.429000000000000000e+03 5.360000000000000000e+02
1.691000000000000000e+03 5.310000000000000000e+02
1.674000000000000000e+03 5.500000000000000000e+02
1.370000000000000000e+03 5.410000000000000000e+02
1.911000000000000000e+03 5.550000000000000000e+02
6.100000000000000000e+01 5.500000000000000000e+02
6.950000000000000000e+02 5.490000000000000000e+02
1.249000000000000000e+03 5.500000000000000000e+02
1.819000000000000000e+03 5.570000000000000000e+02
1.388000000000000000e+03 5.590000000000000000e+02
2.740000000000000000e+02 5.610000000000000000e+02
9.470000000000000000e+02 5.570000000000000000e+02
1.151000000000000000e+03 5.560000000000000000e+02
3.310000000000000000e+02 5.690000000000000000e+02
8.960000000000000000e+02 5.630000000000000000e+02
1.649000000000000000e+03 5.630000000000000000e+02
8.210000000000000000e+02 5.750000000000000000e+02
1.300000000000000000e+02 5.780000000000000000e+02
2.420000000000000000e+02 5.730000000000000000e+02
1.447000000000000000e+03 5.710000000000000000e+02
1.316000000000000000e+03 5.870000000000000000e+02
1.547000000000000000e+03 5.840000000000000000e+02
1.730000000000000000e+02 5.890000000000000000e+02
5.950000000000000000e+02 5.830000000000000000e+02
1.262000000000000000e+03 5.790000000000000000e+02
1.664000000000000000e+03 5.850000000000000000e+02
1.879000000000000000e+03 5.770000000000000000e+02
1.872000000000000000e+03 5.800000000000000000e+02
3.030000000000000000e+02 5.940000000000000000e+02
6.910000000000000000e+02 5.860000000000000000e+02
1.104000000000000000e+03 5.970000000000000000e+02
6.930000000000000000e+02 5.990000000000000000e+02
9.770000000000000000e+02 5.940000000000000000e+02
3.440000000000000000e+02 6.070000000000000000e+02
4.460000000000000000e+02 6.080000000000000000e+02
1.299000000000000000e+03 6.110000000000000000e+02
8.940000000000000000e+02 6.210000000000000000e+02
1.593000000000000000e+03 6.250000000000000000e+02
1.261000000000000000e+03 6.290000000000000000e+02
1.050000000000000000e+03 6.290000000000000000e+02
1.186000000000000000e+03 6.450000000000000000e+02
1.380000000000000000e+03 6.370000000000000000e+02
6.390000000000000000e+02 6.400000000000000000e+02
3.120000000000000000e+02 6.590000000000000000e+02
1.037000000000000000e+03 6.420000000000000000e+02
4.000000000000000000e+02 6.440000000000000000e+02
7.190000000000000000e+02 6.380000000000000000e+02
3.450000000000000000e+02 6.410000000000000000e+02
2.450000000000000000e+02 6.560000000000000000e+02
2.050000000000000000e+02 6.550000000000000000e+02
7.130000000000000000e+02 6.470000000000000000e+02
1.411000000000000000e+03 6.550000000000000000e+02
1.273000000000000000e+03 6.610000000000000000e+02
1.122000000000000000e+03 6.720000000000000000e+02
1.032000000000000000e+03 6.610000000000000000e+02
1.234000000000000000e+03 6.780000000000000000e+02
3.490000000000000000e+02 6.780000000000000000e+02
1.089000000000000000e+03 6.770000000000000000e+02
1.471000000000000000e+03 6.760000000000000000e+02
8.500000000000000000e+02 6.850000000000000000e+02
4.050000000000000000e+02 6.850000000000000000e+02
1.588000000000000000e+03 6.840000000000000000e+02
5.020000000000000000e+02 6.860000000000000000e+02
2.200000000000000000e+01 6.910000000000000000e+02
8.920000000000000000e+02 6.890000000000000000e+02
1.300000000000000000e+03 7.020000000000000000e+02
1.343000000000000000e+03 6.920000000000000000e+02
1.212000000000000000e+03 7.020000000000000000e+02
1.730000000000000000e+03 6.990000000000000000e+02
2.690000000000000000e+02 7.050000000000000000e+02
3.180000000000000000e+02 7.090000000000000000e+02
1.913000000000000000e+03 7.020000000000000000e+02
1.782000000000000000e+03 7.080000000000000000e+02
4.420000000000000000e+02 7.090000000000000000e+02
1.174000000000000000e+03 7.110000000000000000e+02
1.450000000000000000e+03 7.230000000000000000e+02
1.732000000000000000e+03 7.250000000000000000e+02
3.270000000000000000e+02 7.300000000000000000e+02
3.920000000000000000e+02 7.380000000000000000e+02
1.005000000000000000e+03 7.490000000000000000e+02
7.600000000000000000e+02 7.370000000000000000e+02
1.325000000000000000e+03 7.300000000000000000e+02
9.500000000000000000e+02 7.360000000000000000e+02
9.730000000000000000e+02 7.350000000000000000e+02
1.234000000000000000e+03 7.420000000000000000e+02
6.630000000000000000e+02 7.380000000000000000e+02
5.740000000000000000e+02 7.480000000000000000e+02
6.100000000000000000e+02 7.400000000000000000e+02
1.101000000000000000e+03 7.520000000000000000e+02
6.140000000000000000e+02 7.510000000000000000e+02
1.390000000000000000e+02 7.670000000000000000e+02
1.676000000000000000e+03 7.530000000000000000e+02
1.332000000000000000e+03 7.530000000000000000e+02
1.849000000000000000e+03 7.560000000000000000e+02
1.914000000000000000e+03 7.580000000000000000e+02
1.290000000000000000e+03 7.630000000000000000e+02
1.880000000000000000e+03 7.750000000000000000e+02
5.600000000000000000e+01 7.750000000000000000e+02
1.458000000000000000e+03 7.720000000000000000e+02
7.410000000000000000e+02 7.680000000000000000e+02
7.450000000000000000e+02 7.680000000000000000e+02
7.540000000000000000e+02 7.720000000000000000e+02
1.484000000000000000e+03 7.720000000000000000e+02
9.430000000000000000e+02 7.740000000000000000e+02
1.699000000000000000e+03 7.770000000000000000e+02
1.335000000000000000e+03 7.790000000000000000e+02
6.820000000000000000e+02 7.800000000000000000e+02
1.259000000000000000e+03 7.870000000000000000e+02
2.780000000000000000e+02 7.850000000000000000e+02
1.912000000000000000e+03 7.900000000000000000e+02
8.780000000000000000e+02 7.910000000000000000e+02
1.447000000000000000e+03 8.080000000000000000e+02
1.752000000000000000e+03 7.930000000000000000e+02
2.840000000000000000e+02 8.100000000000000000e+02
3.910000000000000000e+02 8.030000000000000000e+02
5.050000000000000000e+02 8.060000000000000000e+02
1.857000000000000000e+03 8.050000000000000000e+02
2.380000000000000000e+02 8.090000000000000000e+02
6.990000000000000000e+02 8.520000000000000000e+02
1.615000000000000000e+03 8.110000000000000000e+02
7.590000000000000000e+02 8.170000000000000000e+02
1.758000000000000000e+03 8.400000000000000000e+02
1.616000000000000000e+03 8.270000000000000000e+02
7.090000000000000000e+02 8.180000000000000000e+02
4.220000000000000000e+02 8.320000000000000000e+02
1.570000000000000000e+03 8.340000000000000000e+02
3.390000000000000000e+02 8.330000000000000000e+02
9.840000000000000000e+02 8.330000000000000000e+02
1.200000000000000000e+02 8.470000000000000000e+02
1.494000000000000000e+03 8.390000000000000000e+02
1.289000000000000000e+03 8.350000000000000000e+02
1.682000000000000000e+03 8.460000000000000000e+02
9.020000000000000000e+02 8.510000000000000000e+02
1.412000000000000000e+03 8.570000000000000000e+02
5.000000000000000000e+00 8.580000000000000000e+02
8.470000000000000000e+02 8.560000000000000000e+02
1.352000000000000000e+03 8.580000000000000000e+02
4.550000000000000000e+02 8.630000000000000000e+02
1.580000000000000000e+03 8.620000000000000000e+02
1.203000000000000000e+03 8.700000000000000000e+02
2.730000000000000000e+02 8.700000000000000000e+02
3.390000000000000000e+02 8.720000000000000000e+02
5.370000000000000000e+02 8.830000000000000000e+02
1.841000000000000000e+03 8.780000000000000000e+02
1.032000000000000000e+03 8.800000000000000000e+02
1.274000000000000000e+03 8.760000000000000000e+02
1.744000000000000000e+03 8.740000000000000000e+02
2.010000000000000000e+02 8.860000000000000000e+02
2.410000000000000000e+02 8.780000000000000000e+02
8.460000000000000000e+02 8.830000000000000000e+02
1.396000000000000000e+03 8.840000000000000000e+02
1.233000000000000000e+03 8.890000000000000000e+02
1.807000000000000000e+03 8.820000000000000000e+02
1.694000000000000000e+03 8.870000000000000000e+02
1.811000000000000000e+03 8.840000000000000000e+02
1.816000000000000000e+03 8.880000000000000000e+02
1.582000000000000000e+03 8.920000000000000000e+02
5.590000000000000000e+02 8.950000000000000000e+02
1.117000000000000000e+03 8.960000000000000000e+02
8.640000000000000000e+02 9.040000000000000000e+02
1.706000000000000000e+03 9.060000000000000000e+02
4.870000000000000000e+02 9.200000000000000000e+02
1.473000000000000000e+03 9.280000000000000000e+02
1.675000000000000000e+03 9.120000000000000000e+02
5.720000000000000000e+02 9.160000000000000000e+02
2.700000000000000000e+01 9.150000000000000000e+02
4.330000000000000000e+02 9.190000000000000000e+02
1.990000000000000000e+02 9.290000000000000000e+02
1.323000000000000000e+03 9.260000000000000000e+02
1.633000000000000000e+03 9.440000000000000000e+02
1.893000000000000000e+03 9.410000000000000000e+02
5.650000000000000000e+02 9.330000000000000000e+02
9.800000000000000000e+01 9.370000000000000000e+02
1.160000000000000000e+02 9.340000000000000000e+02
1.682000000000000000e+03 9.400000000000000000e+02
4.500000000000000000e+01 9.430000000000000000e+02
5.390000000000000000e+02 9.460000000000000000e+02
9.450000000000000000e+02 9.450000000000000000e+02
1.315000000000000000e+03 9.660000000000000000e+02
1.540000000000000000e+02 9.560000000000000000e+02
1.027000000000000000e+03 9.440000000000000000e+02
1.668000000000000000e+03 9.490000000000000000e+02
8.350000000000000000e+02 9.520000000000000000e+02
1.021000000000000000e+03 9.490000000000000000e+02
3.160000000000000000e+02 9.550000000000000000e+02
3.100000000000000000e+01 9.570000000000000000e+02
8.880000000000000000e+02 9.580000000000000000e+02
3.860000000000000000e+02 9.640000000000000000e+02
9.900000000000000000e+02 9.810000000000000000e+02
3.300000000000000000e+01 9.870000000000000000e+02
1.160000000000000000e+02 9.730000000000000000e+02
5.340000000000000000e+02 9.740000000000000000e+02
5.710000000000000000e+02 9.660000000000000000e+02
1.343000000000000000e+03 9.700000000000000000e+02
5.640000000000000000e+02 9.710000000000000000e+02
5.040000000000000000e+02 9.770000000000000000e+02
1.286000000000000000e+03 9.900000000000000000e+02
1.888000000000000000e+03 9.810000000000000000e+02
8.750000000000000000e+02 9.960000000000000000e+02
1.160000000000000000e+03 9.890000000000000000e+02
7.410000000000000000e+02 9.860000000000000000e+02
9.450000000000000000e+02 9.860000000000000000e+02
1.767000000000000000e+03 9.990000000000000000e+02
3.460000000000000000e+02 9.850000000000000000e+02
9.300000000000000000e+01 1.008000000000000000e+03
3.140000000000000000e+02 1.008000000000000000e+03
5.410000000000000000e+02 9.880000000000000000e+02
6.810000000000000000e+02 9.910000000000000000e+02
1.727000000000000000e+03 9.920000000000000000e+02
7.660000000000000000e+02 9.920000000000000000e+02
1.970000000000000000e+02 9.960000000000000000e+02
4.380000000000000000e+02 1.033000000000000000e+03
1.697000000000000000e+03 9.960000000000000000e+02
1.908000000000000000e+03 9.980000000000000000e+02
1.327000000000000000e+03 9.960000000000000000e+02
1.611000000000000000e+03 1.002000000000000000e+03
1.804000000000000000e+03 1.005000000000000000e+03
2.260000000000000000e+02 1.014000000000000000e+03
7.090000000000000000e+02 1.005000000000000000e+03
1.204000000000000000e+03 1.020000000000000000e+03
6.500000000000000000e+02 1.010000000000000000e+03
1.307000000000000000e+03 1.013000000000000000e+03
1.596000000000000000e+03 1.018000000000000000e+03
1.301000000000000000e+03 1.022000000000000000e+03
1.704000000000000000e+03 1.025000000000000000e+03
2.010000000000000000e+02 1.026000000000000000e+03
9.780000000000000000e+02 1.027000000000000000e+03
2.800000000000000000e+02 1.041000000000000000e+03
5.630000000000000000e+02 1.033000000000000000e+03
8.600000000000000000e+02 1.030000000000000000e+03
6.940000000000000000e+02 1.038000000000000000e+03
1.048000000000000000e+03 1.039000000000000000e+03
1.773000000000000000e+03 1.031000000000000000e+03
1.400000000000000000e+02 1.037000000000000000e+03
1.644000000000000000e+03 1.039000000000000000e+03
1.107000000000000000e+03 1.041000000000000000e+03
1.433000000000000000e+03 1.042000000000000000e+03
1.840000000000000000e+02 1.066000000000000000e+03
9.790000000000000000e+02 1.055000000000000000e+03
1.400000000000000000e+01 1.070000000000000000e+03
1.590000000000000000e+02 1.059000000000000000e+03
9.150000000000000000e+02 1.058000000000000000e+03
1.270000000000000000e+02 1.062000000000000000e+03
1.676000000000000000e+03 1.064000000000000000e+03
1.712000000000000000e+03 1.078000000000000000e+03
1.759000000000000000e+03 1.069000000000000000e+03
1.424000000000000000e+03 1.074000000000000000e+03
8.400000000000000000e+01 1.072000000000000000e+03
1.120000000000000000e+02 1.076000000000000000e+03
1.336000000000000000e+03 1.076000000000000000e+03
4.990000000000000000e+02 1.080000000000000000e+03
1.100000000000000000e+03 1.076000000000000000e+03
3.850000000000000000e+02 1.089000000000000000e+03
1.165000000000000000e+03 1.079000000000000000e+03
1.816000000000000000e+03 1.085000000000000000e+03
1.630000000000000000e+02 1.096000000000000000e+03
5.630000000000000000e+02 1.085000000000000000e+03
5.240000000000000000e+02 1.092000000000000000e+03
5.840000000000000000e+02 1.088000000000000000e+03
7.920000000000000000e+02 1.090000000000000000e+03
8.310000000000000000e+02 1.104000000000000000e+03
1.308000000000000000e+03 1.110000000000000000e+03
1.053000000000000000e+03 1.110000000000000000e+03
1.280000000000000000e+02 1.106000000000000000e+03
1.380000000000000000e+02 1.105000000000000000e+03
5.510000000000000000e+02 1.118000000000000000e+03
2.320000000000000000e+02 1.131000000000000000e+03
1.417000000000000000e+03 1.113000000000000000e+03
9.900000000000000000e+02 1.118000000000000000e+03
9.440000000000000000e+02 1.148000000000000000e+03
1.527000000000000000e+03 1.133000000000000000e+03
3.540000000000000000e+02 1.133000000000000000e+03
2.710000000000000000e+02 1.129000000000000000e+03
5.660000000000000000e+02 1.132000000000000000e+03
3.950000000000000000e+02 1.137000000000000000e+03
5.150000000000000000e+02 1.134000000000000000e+03
1.434000000000000000e+03 1.133000000000000000e+03
4.310000000000000000e+02 1.149000000000000000e+03
1.700000000000000000e+03 1.144000000000000000e+03
1.578000000000000000e+03 1.144000000000000000e+03
1.737000000000000000e+03 1.149000000000000000e+03
2.500000000000000000e+02 1.152000000000000000e+03
1.445000000000000000e+03 1.161000000000000000e+03
9.910000000000000000e+02 1.155000000000000000e+03
1.056000000000000000e+03 1.163000000000000000e+03
1.552000000000000000e+03 1.162000000000000000e+03
2.890000000000000000e+02 1.171000000000000000e+03
1.024000000000000000e+03 1.179000000000000000e+03
1.255000000000000000e+03 1.176000000000000000e+03
1.400000000000000000e+03 1.176000000000000000e+03
1.451000000000000000e+03 1.175000000000000000e+03
9.700000000000000000e+02 1.180000000000000000e+03
1.683000000000000000e+03 1.172000000000000000e+03
1.700000000000000000e+01 1.187000000000000000e+03
1.672000000000000000e+03 1.191000000000000000e+03
6.070000000000000000e+02 1.180000000000000000e+03
1.350000000000000000e+02 1.190000000000000000e+03
1.630000000000000000e+03 1.186000000000000000e+03
6.340000000000000000e+02 1.192000000000000000e+03
1.478000000000000000e+03 1.193000000000000000e+03
1.588000000000000000e+03 1.196000000000000000e+03
1.613000000000000000e+03 1.200000000000000000e+03
1.909000000000000000e+03 1.197000000000000000e+03
8.400000000000000000e+02 1.214000000000000000e+03
1.268000000000000000e+03 1.215000000000000000e+03
3.640000000000000000e+02 1.214000000000000000e+03
1.656000000000000000e+03 1.218000000000000000e+03
6.250000000000000000e+02 1.222000000000000000e+03
7.350000000000000000e+02 1.223000000000000000e+03
5.750000000000000000e+02 1.221000000000000000e+03
2.660000000000000000e+02 1.229000000000000000e+03
1.191000000000000000e+03 1.220000000000000000e+03
1.107000000000000000e+03 1.225000000000000000e+03
1.318000000000000000e+03 1.237000000000000000e+03
1.872000000000000000e+03 1.228000000000000000e+03
8.300000000000000000e+01 1.226000000000000000e+03
1.603000000000000000e+03 1.232000000000000000e+03
1.902000000000000000e+03 1.231000000000000000e+03
1.573000000000000000e+03 1.229000000000000000e+03
4.160000000000000000e+02 1.232000000000000000e+03
4.010000000000000000e+02 1.237000000000000000e+03
6.810000000000000000e+02 1.241000000000000000e+03
3.480000000000000000e+02 1.244000000000000000e+03
1.539000000000000000e+03 1.244000000000000000e+03
2.830000000000000000e+02 1.250000000000000000e+03
1.901000000000000000e+03 1.282000000000000000e+03
3.380000000000000000e+02 1.251000000000000000e+03
1.176000000000000000e+03 1.260000000000000000e+03
3.250000000000000000e+02 1.290000000000000000e+03
7.000000000000000000e+00 1.263000000000000000e+03
6.200000000000000000e+01 1.268000000000000000e+03
1.269000000000000000e+03 1.264000000000000000e+03
1.276000000000000000e+03 1.262000000000000000e+03
1.711000000000000000e+03 1.274000000000000000e+03
7.750000000000000000e+02 1.268000000000000000e+03
8.300000000000000000e+01 1.268000000000000000e+03
9.430000000000000000e+02 1.279000000000000000e+03
2.690000000000000000e+02 1.270000000000000000e+03
3.980000000000000000e+02 1.270000000000000000e+03
1.190000000000000000e+02 1.283000000000000000e+03
4.510000000000000000e+02 1.278000000000000000e+03
6.650000000000000000e+02 1.285000000000000000e+03
7.540000000000000000e+02 1.278000000000000000e+03
1.592000000000000000e+03 1.307000000000000000e+03
1.857000000000000000e+03 1.287000000000000000e+03
1.481000000000000000e+03 1.288000000000000000e+03
4.240000000000000000e+02 1.286000000000000000e+03
1.674000000000000000e+03 1.288000000000000000e+03
6.140000000000000000e+02 1.309000000000000000e+03
4.040000000000000000e+02 1.299000000000000000e+03
4.710000000000000000e+02 1.309000000000000000e+03
3.060000000000000000e+02 1.314000000000000000e+03
1.738000000000000000e+03 1.312000000000000000e+03
2.600000000000000000e+02 1.311000000000000000e+03
7.730000000000000000e+02 1.313000000000000000e+03
1.241000000000000000e+03 1.345000000000000000e+03
1.250000000000000000e+02 1.316000000000000000e+03
4.480000000000000000e+02 1.321000000000000000e+03
1.758000000000000000e+03 1.322000000000000000e+03
2.200000000000000000e+02 1.317000000000000000e+03
1.500000000000000000e+02 1.321000000000000000e+03
4.830000000000000000e+02 1.335000000000000000e+03
4.000000000000000000e+01 1.338000000000000000e+03
2.330000000000000000e+02 1.328000000000000000e+03
3.600000000000000000e+02 1.336000000000000000e+03
1.850000000000000000e+03 1.335000000000000000e+03
6.780000000000000000e+02 1.344000000000000000e+03
2.590000000000000000e+02 1.346000000000000000e+03
3.990000000000000000e+02 1.347000000000000000e+03
1.727000000000000000e+03 1.360000000000000000e+03
1.570000000000000000e+02 1.351000000000000000e+03
1.906000000000000000e+03 1.352000000000000000e+03
2.200000000000000000e+02 1.356000000000000000e+03
1.349000000000000000e+03 1.358000000000000000e+03
7.490000000000000000e+02 1.352000000000000000e+03
1.809000000000000000e+03 1.363000000000000000e+03
2.960000000000000000e+02 1.372000000000000000e+03
2.600000000000000000e+01 1.385000000000000000e+03
7.610000000000000000e+02 1.359000000000000000e+03
9.140000000000000000e+02 1.370000000000000000e+03
2.640000000000000000e+02 1.375000000000000000e+03
4.070000000000000000e+02 1.374000000000000000e+03
1.124000000000000000e+03 1.375000000000000000e+03
8.560000000000000000e+02 1.378000000000000000e+03
1.772000000000000000e+03 1.377000000000000000e+03
1.315000000000000000e+03 1.385000000000000000e+03
1.331000000000000000e+03 1.377000000000000000e+03
1.558000000000000000e+03 1.390000000000000000e+03
2.680000000000000000e+02 1.395000000000000000e+03
3.250000000000000000e+02 1.398000000000000000e+03
5.820000000000000000e+02 1.405000000000000000e+03
8.830000000000000000e+02 1.399000000000000000e+03
1.906000000000000000e+03 1.399000000000000000e+03
4.140000000000000000e+02 1.406000000000000000e+03
1.648000000000000000e+03 1.414000000000000000e+03
8.400000000000000000e+02 1.405000000000000000e+03
1.852000000000000000e+03 1.409000000000000000e+03
4.000000000000000000e+00 1.412000000000000000e+03
2.340000000000000000e+02 1.424000000000000000e+03
2.840000000000000000e+02 1.421000000000000000e+03
8.980000000000000000e+02 1.418000000000000000e+03
1.893000000000000000e+03 1.423000000000000000e+03
1.890000000000000000e+02 1.428000000000000000e+03
3.980000000000000000e+02 1.423000000000000000e+03
8.600000000000000000e+02 1.433000000000000000e+03
1.172000000000000000e+03 1.433000000000000000e+03
3.370000000000000000e+02 1.434000000000000000e+03
1.847000000000000000e+03 1.432000000000000000e+03
1.828000000000000000e+03 1.434000000000000000e+03
9.090000000000000000e+02 1.437000000000000000e+03
